25
12
40
2
1
1
0
0
1
32
4
1
0
8
9
23
0
23
1
3
23
1
2
0
0
6
61
3
0
4
0
5
0
0
1
1
1
2
1
3
1
0
2
1
2
0
3
14
1
15
1
16
1
17
1
18
1
14
2
18
2
13
3
13
4
13
5
14
6
18
6
19
3
19
4
19
5
15
7
16
7
17
7
13
2
19
2
19
6
13
6
14
7
18
7
11
2
11
0
11
1
12
1
13
1
12
2
15
0
14
7
14
8
14
9
14
10
14
11
15
7
15
8
15
9
15
10
15
11
15
9
16
9
17
9
16
10
16
11
17
11
18
11
19
11
17
8
16
8
0
5
29
4
2
4
3
4
4
4
5
5
2
6
2
7
2
8
2
8
3
8
4
8
5
4
6
5
6
7
6
8
6
7
8
8
8
9
8
10
8
4
9
4
10
5
10
6
10
7
10
8
10
9
10
10
10
12
9
13
9
0
0
1
6
4
2
0
1
7
9
3
21
1
9
9
1
33
1
10
9
2
5
2
16
4
22
1
0
1
1
21
9
0
10
16
20
10
20
8
22
8
22
10
20
11
21
11
22
11
19
8
19
9
19
10
20
7
21
7
22
7
23
8
23
9
23
10
2
10
1
22
0
3
22
1
24
1
3
26
2
24
0
11
9
