25
12
40
0
17
52
3
2
3
3
3
4
3
5
3
6
3
7
7
7
7
8
7
9
7
10
3
1
4
1
7
6
4
7
5
5
6
3
7
11
8
11
9
11
10
11
11
11
8
9
8
10
10
7
11
7
11
8
11
9
11
10
9
7
15
1
15
2
15
3
16
1
17
1
18
1
19
1
20
1
21
1
21
2
21
3
21
4
21
5
21
6
15
5
15
6
15
7
16
7
17
7
18
7
19
7
20
7
21
7
2
1
1
9
8
1
32
5
10
9
4
3
9
1
12
1
20
5
3
23
1
10
10
1
33
2
4
5
20
3
3
24
1
4
4
0
1
1
18
4
3
22
1
20
6
2
17
1
20
2
3
21
1
9
2
0
15
1
15
4
2
15
2
12
0
20
4
0
2
1
10
4
2
2
1
9
0
0
16
1
8
6
2
16
1
4
2
3
29
1
4
6
3
28
1
12
2
0
12
9
23
1
24
3
23
6
23
9
22
10
18
10
1
9
3
11
2
1
0
11
1
15
9
