25
12
40
2
17
1
0
0
1
32
8
1
0
1
11
6
7
12
8
10
3
12
1
12
2
0
5
3
22
2
2
0
0
8
2
0
3
0
11
12
7
9
3
3
21
1
2
11
0
17
59
4
4
4
5
4
6
4
7
4
8
4
9
4
10
4
11
5
11
6
11
7
11
8
11
9
11
10
11
11
11
12
11
13
11
14
11
15
11
5
4
6
4
7
4
8
4
8
3
8
2
9
2
10
2
10
0
10
1
11
0
12
0
13
0
14
0
14
1
14
2
14
3
13
3
12
3
12
4
13
4
14
4
15
4
15
5
15
6
15
7
15
8
15
10
10
4
16
7
17
7
18
7
19
7
19
8
19
9
19
10
19
11
18
11
17
11
16
11
2
1
1
5
7
3
24
1
7
7
0
1
1
6
9
0
0
1
9
9
3
23
1
13
1
3
28
1
0
6
1
33
1
0
7
0
15
1
15
9
2
15
1
0
4
0
3
1
11
9
2
3
1
17
9
3
29
1
12
9
3
25
1
13
2
0
11
8
21
1
19
2
22
3
20
5
2
3
3
6
22
7
7
2
0
12
7
23
8
21
11
21
5
24
1
17
3
2
9
4
1
0
14
4
22
10
5
3
15
3
17
6
0
9
9
19
0
18
0
17
0
16
0
20
4
21
4
22
4
22
5
22
6
