25
13
35
0
5
78
6
10
17
10
6
9
6
8
6
7
6
6
6
5
6
4
6
3
17
3
17
4
17
5
17
6
17
7
17
8
17
9
6
11
7
11
8
11
9
11
10
11
11
11
12
11
13
11
14
11
15
11
16
11
17
11
7
3
8
3
9
3
10
3
11
3
13
3
14
3
15
3
16
3
15
5
3
0
3
1
2
1
1
1
0
1
4
0
5
0
6
0
4
1
3
2
3
3
2
3
1
3
0
3
1
4
0
4
0
5
0
6
24
1
23
1
22
1
21
1
21
0
21
2
21
3
22
3
23
3
24
3
23
4
23
5
22
4
23
6
23
7
24
7
24
8
24
9
20
0
19
0
18
0
20
2
0
0
1
13
9
1
32
8
14
9
8
4
15
4
10
1
1
0
1
2
9
9
19
1
3
22
2
16
4
2
2
3
24
1
9
4
3
23
1
13
1
2
0
1
0
0
3
21
1
2
0
0
15
1
12
3
2
15
1
0
2
2
5
1
14
4
3
28
1
15
9
0
16
1
9
7
2
16
2
8
9
18
1
3
29
1
10
9
0
11
1
14
7
3
25
1
20
1
0
12
10
23
2
22
2
24
0
23
0
2
6
2
9
4
9
20
6
19
10
23
9
0
9
10
22
7
22
8
21
8
21
9
21
10
0
8
1
8
1
7
2
7
3
7
