25
12
40
0
3
1
0
4
2
3
1
4
4
0
5
82
2
4
2
3
2
2
2
1
3
1
4
1
5
1
6
0
6
1
6
2
6
3
2
5
2
6
2
7
3
7
3
8
3
9
3
10
4
10
5
10
6
10
5
7
5
8
5
9
6
5
6
6
6
7
6
8
6
9
7
5
8
5
7
3
8
3
7
0
8
0
7
10
8
10
18
6
18
7
18
4
9
0
10
0
11
0
12
0
13
0
14
0
15
0
16
0
17
0
18
0
18
1
18
2
18
3
18
8
18
9
18
10
17
10
16
10
15
10
14
10
13
10
12
10
11
10
10
10
9
10
19
4
20
4
21
4
22
4
23
4
23
5
23
6
23
7
23
8
19
8
20
8
21
8
22
8
19
6
19
7
21
5
21
7
1
32
6
4
0
4
8
12
3
12
5
20
3
1
11
0
1
1
1
9
3
24
1
13
5
0
0
1
21
6
3
22
1
21
3
2
5
1
19
3
1
33
1
13
7
2
1
1
0
11
3
23
1
2
11
3
26
1
13
3
0
11
1
8
4
2
11
1
11
3
2
0
1
4
7
3
21
1
4
9
0
12
12
1
0
0
1
7
11
24
9
24
10
20
10
21
10
22
10
23
11
23
1
20
1
24
3
0
10
3
22
2
23
10
1
2
0
8
1
6
4
2
8
1
3
0
3
25
1
5
0
0
4
2
11
7
19
5
2
4
1
11
5
