25
12
40
0
5
79
0
1
1
1
2
1
3
1
3
3
3
5
3
7
2
3
1
3
0
3
2
5
1
5
0
5
2
7
1
7
0
7
3
9
2
9
1
9
0
9
0
2
0
4
0
6
0
8
4
1
4
2
4
6
4
7
4
8
4
9
4
3
4
4
4
5
10
4
15
4
21
5
5
1
6
1
7
1
8
1
9
1
10
1
5
5
6
5
7
5
8
5
9
5
10
5
10
2
15
1
16
1
17
1
18
1
19
1
20
1
21
1
15
2
15
5
16
5
17
5
20
5
21
2
21
3
21
4
19
5
15
6
15
7
15
8
16
8
16
9
16
10
17
10
18
10
19
10
20
10
20
6
20
7
20
8
20
9
0
1
1
18
7
2
1
1
17
9
1
32
7
18
9
2
2
2
4
2
6
2
8
9
7
8
8
3
23
1
19
9
0
15
3
15
3
18
5
10
3
2
15
2
1
6
1
8
3
22
2
3
6
3
4
2
5
1
1
4
3
24
1
8
9
0
0
1
8
3
2
0
1
1
2
3
21
1
3
2
3
29
1
10
7
0
16
2
6
3
13
3
2
16
1
8
7
3
28
1
3
8
0
4
1
12
3
2
4
1
18
3
0
12
8
5
10
4
11
22
0
23
1
24
2
22
8
1
0
13
1
0
14
4
1
10
12
10
23
4
24
11
