22
12
40
0
5
68
1
1
1
2
1
3
1
4
1
5
5
5
2
1
3
1
4
1
5
1
5
2
5
3
5
4
1
6
1
7
2
7
3
7
4
7
5
7
5
6
5
0
5
8
6
0
7
0
8
0
9
0
10
0
11
0
11
1
11
2
11
3
11
4
11
5
5
9
11
9
11
8
11
7
5
10
6
10
7
10
8
10
9
10
10
10
11
10
12
0
13
0
14
0
15
0
16
0
17
0
18
0
19
0
20
0
20
1
20
2
20
3
20
4
20
5
20
6
20
7
20
8
19
8
18
8
17
8
15
8
14
8
13
8
12
8
2
0
1
2
3
1
32
6
2
4
3
4
4
4
16
4
9
7
16
11
3
21
1
2
5
3
22
2
3
5
4
5
2
5
1
4
3
0
1
1
16
10
2
1
1
15
11
3
23
1
17
11
0
0
1
8
9
0
15
2
11
6
16
8
2
15
2
15
4
3
3
0
16
1
7
7
2
16
2
7
5
7
3
3
24
1
9
5
3
29
1
9
3
3
28
1
17
4
0
12
5
13
2
18
6
2
9
20
10
13
7
0
14
2
3
10
10
11
