25
13
35
0
5
67
2
4
2
5
2
6
2
7
2
8
2
9
2
10
5
3
5
0
5
1
5
2
6
0
7
0
8
0
9
0
10
0
11
0
12
0
13
0
14
0
15
0
15
1
16
1
16
2
16
3
11
4
12
4
13
4
14
4
15
4
16
4
17
4
19
7
19
8
19
9
19
10
2
11
3
11
4
11
5
11
6
11
7
11
8
11
9
11
10
11
11
11
12
11
13
11
19
11
18
11
17
11
16
11
15
11
14
11
18
4
19
4
19
5
19
6
11
5
11
6
11
9
11
10
11
8
9
7
3
4
4
4
5
4
1
32
5
15
6
15
9
20
6
21
6
4
2
0
0
1
9
2
0
6
13
6
4
7
4
8
4
9
4
10
4
3
9
4
9
4
10
3
8
4
8
5
8
5
9
5
10
0
1
1
3
10
3
23
1
16
9
3
24
1
16
6
2
4
1
14
6
2
1
1
14
9
2
6
1
4
1
3
26
1
4
3
2
0
1
20
5
3
21
1
20
7
2
5
1
21
5
3
22
1
21
7
0
4
2
12
2
14
2
