25
12
40
2
5
1
0
0
1
32
6
1
0
9
2
7
7
21
10
14
5
14
6
3
22
1
2
0
0
5
28
6
0
6
1
6
2
6
3
6
4
6
5
6
6
7
5
8
5
9
5
10
5
11
5
7
3
11
3
12
2
12
3
12
5
12
0
12
1
8
6
12
6
12
7
13
7
14
7
15
7
16
5
16
6
16
7
2
0
2
8
2
13
5
3
21
1
10
2
0
0
1
9
1
3
24
1
7
8
2
1
1
20
10
3
23
1
22
10
0
1
1
21
8
0
7
44
3
0
3
1
2
1
1
1
0
1
0
2
1
2
4
0
24
0
24
1
23
1
23
2
23
3
23
4
22
4
22
5
21
5
21
6
21
6
20
6
20
7
19
7
19
8
19
9
18
9
18
10
17
10
17
11
18
8
18
7
19
6
20
5
21
4
22
3
22
2
21
3
21
2
22
1
23
0
20
8
20
9
16
10
16
11
15
11
0
4
1
12
4
2
4
1
7
6
2
7
2
13
6
17
2
3
31
1
15
6
3
20
1
15
5
