25
12
40
0
5
54
10
1
10
2
10
3
10
4
10
5
9
4
8
4
7
4
6
4
5
4
5
5
5
6
5
7
5
8
6
8
7
8
8
8
9
8
10
7
10
8
10
9
10
10
11
10
12
10
13
10
14
10
15
10
16
10
17
10
18
10
18
9
18
8
18
7
11
1
13
1
14
1
15
1
16
1
17
1
18
1
19
1
20
1
21
1
22
1
22
2
22
3
22
4
22
5
21
5
20
5
19
5
18
5
18
2
18
4
1
32
5
1
0
1
1
1
2
2
8
16
8
3
23
1
2
2
0
1
1
20
3
2
1
1
0
2
0
0
1
7
6
2
0
1
2
7
3
21
1
2
9
2
5
1
15
8
3
22
2
17
8
2
0
2
8
1
0
1
0
8
19
12
0
12
1
12
2
12
3
12
4
12
5
12
6
13
6
14
6
15
6
16
6
17
6
18
6
19
6
20
6
21
6
22
6
23
6
24
6
3
25
1
2
1
0
4
9
4
0
4
1
4
2
4
3
3
4
2
4
1
4
0
4
4
4
2
4
1
0
0
