25
12
40
0
17
61
8
11
9
11
10
11
11
11
12
11
13
11
14
11
15
11
16
11
17
11
18
11
20
11
19
11
20
0
20
1
20
2
20
3
20
4
20
5
20
6
20
7
20
8
20
9
20
10
19
0
18
0
17
0
16
0
15
0
14
0
13
0
12
0
19
8
18
8
17
8
16
8
16
9
16
10
15
8
15
9
15
10
14
10
8
10
7
9
7
10
8
5
8
6
8
7
8
8
7
5
7
6
7
7
7
8
8
3
8
4
12
1
11
1
11
2
11
3
10
3
9
3
3
23
1
18
4
0
1
1
18
6
2
1
1
18
2
1
32
6
18
3
9
9
11
7
4
3
18
9
18
10
3
21
1
10
9
2
0
1
8
9
3
24
1
12
7
0
0
1
10
5
0
6
14
16
1
16
2
16
3
16
4
16
5
16
6
16
7
15
1
15
2
15
3
15
4
15
5
15
6
15
7
0
4
2
12
2
12
5
2
4
1
10
7
2
19
1
3
3
3
30
1
5
3
2
6
1
17
9
3
22
1
19
10
2
17
1
17
10
3
26
1
19
9
