17
12
40
2
18
1
0
0
1
32
5
1
0
5
0
0
3
5
1
7
7
3
21
2
2
0
7
8
2
1
1
4
0
3
23
1
6
0
1
33
1
0
1
3
22
1
0
4
2
7
1
0
2
2
6
1
4
1
3
26
1
6
1
0
7
69
7
1
7
0
7
2
6
2
5
2
4
2
3
0
3
1
3
2
1
2
2
2
0
5
0
6
0
7
0
8
0
9
0
10
0
11
1
11
2
11
2
12
3
12
4
12
5
12
6
12
7
12
8
12
9
11
9
12
8
11
7
11
6
11
5
11
4
11
3
11
9
10
9
9
9
8
9
7
9
6
9
5
9
4
9
3
9
2
8
2
1
3
1
4
10
2
11
2
12
2
13
2
14
2
15
2
15
3
16
3
16
4
16
5
16
6
16
7
16
8
16
9
16
10
15
10
15
11
14
11
13
11
12
11
11
11
10
11
0
18
2
2
4
2
9
0
6
8
5
6
5
3
5
4
5
5
5
7
5
8
5
9
5
10
2
0
1
3
6
0
1
1
12
4
0
0
1
12
8
